SplineFontDB: 3.2
FontName: FontAwesome5Free-Solid
FullName: Font Awesome 5 Free Solid
FamilyName: Font Awesome 5 Free Solid
Weight: Black
Copyright: Copyright (c) Font Awesome
Version: 331.523 (Font Awesome version: 5.15.3)
ItalicAngle: 0
UnderlinePosition: -46
UnderlineWidth: 25
Ascent: 448
Descent: 64
InvalidEm: 0
sfntRevision: 0x014b85e3
LayerCount: 2
Layer: 0 1 "+BBcEMAQ0BD0EOAQ5 +BD8EOwQwBD0A" 1
Layer: 1 1 "+BB8ENQRABDUENAQ9BDgEOQAA +BD8EOwQwBD0A" 0
XUID: [1021 679 -461956397 30445]
StyleMap: 0x0000
FSType: 0
OS2Version: 4
OS2_WeightWidthSlopeOnly: 0
OS2_UseTypoMetrics: 1
CreationTime: 1615907700
ModificationTime: 1717857163
PfmFamily: 17
TTFWeight: 900
TTFWidth: 5
LineGap: 0
VLineGap: 0
Panose: 2 0 5 3 0 0 0 0 0 0
OS2TypoAscent: 448
OS2TypoAOffset: 0
OS2TypoDescent: -64
OS2TypoDOffset: 0
OS2TypoLinegap: 46
OS2WinAscent: 460
OS2WinAOffset: 0
OS2WinDescent: 84
OS2WinDOffset: 0
HheadAscent: 448
HheadAOffset: 0
HheadDescent: -64
HheadDOffset: 0
OS2SubXSize: 332
OS2SubYSize: 358
OS2SubXOff: 0
OS2SubYOff: 71
OS2SupXSize: 332
OS2SupYSize: 358
OS2SupXOff: 0
OS2SupYOff: 245
OS2StrikeYSize: 25
OS2StrikeYPos: 132
OS2CapHeight: 421
OS2XHeight: 314
OS2Vendor: 'PfEd'
OS2CodePages: 00000001.00000000
OS2UnicodeRanges: 00000000.00000000.00000000.00000000
DEI: 91125
ShortTable: cvt  2
  17
  324
EndShort
ShortTable: maxp 16
  1
  0
  13
  80
  3
  0
  0
  2
  0
  1
  1
  0
  64
  46
  0
  0
EndShort
LangName: 1033 "" "" "" "Font Awesome 5 Free Solid-5.15.3" "" "331.523 (Font Awesome version: 5.15.3)" "" "" "" "" "The web's most popular icon set and toolkit." "https://fontawesome.com" "" "" "" "" "Font Awesome 5 Free" "Solid" "Font Awesome 5 Free Solid" "" "" "Font Awesome 5 Free" "Solid"
GaspTable: 1 65535 2 0
Encoding: UnicodeBmp
UnicodeInterp: none
NameList: AGL For New Fonts
DisplaySize: -48
AntiAlias: 1
FitToEm: 0
WinInfo: 61408 38 14
BeginChars: 65539 14

StartChar: .notdef
Encoding: 65536 -1 0
Width: 187
GlyphClass: 1
Flags: W
TtInstrs:
PUSHB_2
 1
 0
MDAP[rnd]
ALIGNRP
PUSHB_3
 7
 4
 0
MIRP[min,rnd,black]
SHP[rp2]
PUSHB_2
 6
 5
MDRP[rp0,min,rnd,grey]
ALIGNRP
PUSHB_3
 3
 2
 0
MIRP[min,rnd,black]
SHP[rp2]
SVTCA[y-axis]
PUSHB_2
 3
 0
MDAP[rnd]
ALIGNRP
PUSHB_3
 5
 4
 0
MIRP[min,rnd,black]
SHP[rp2]
PUSHB_3
 7
 6
 1
MIRP[rp0,min,rnd,grey]
ALIGNRP
PUSHB_3
 1
 2
 0
MIRP[min,rnd,black]
SHP[rp2]
EndTTInstrs
LayerCount: 2
Fore
SplineSet
17 0 m 1,0,-1
 17 341 l 1,1,-1
 153 341 l 1,2,-1
 153 0 l 1,3,-1
 17 0 l 1,0,-1
34 17 m 1,4,-1
 136 17 l 1,5,-1
 136 324 l 1,6,-1
 34 324 l 1,7,-1
 34 17 l 1,4,-1
EndSplineSet
EndChar

StartChar: .null
Encoding: 65537 -1 1
Width: 0
GlyphClass: 1
Flags: W
LayerCount: 2
EndChar

StartChar: nonmarkingreturn
Encoding: 65538 -1 2
Width: 170
GlyphClass: 1
Flags: W
LayerCount: 2
EndChar

StartChar: uniF003
Encoding: 61443 61443 3
Width: 426
GlyphClass: 2
Flags: W
LayerCount: 2
Fore
SplineSet
394 80 m 2,0,-1
 394 249 l 1,1,2
 387 241 387 241 379 235 c 0,3,4
 320 189 320 189 285 160 c 0,5,6
 274 151 274 151 267 145.5 c 128,-1,7
 260 140 260 140 248 135 c 128,-1,8
 236 130 236 130 225 130 c 1,9,-1
 225 130 l 1,10,-1
 225 130 l 1,11,12
 214 130 214 130 202 135 c 128,-1,13
 190 140 190 140 183 145.5 c 128,-1,14
 176 151 176 151 165 160 c 0,15,16
 130 189 130 189 71 235 c 0,17,18
 63 241 63 241 56 249 c 1,19,-1
 56 80 l 2,20,21
 56 77 56 77 58 75 c 128,-1,22
 60 73 60 73 63 73 c 2,23,-1
 387 73 l 2,24,25
 390 73 390 73 392 75 c 128,-1,26
 394 77 394 77 394 80 c 2,0,-1
394 312 m 2,27,28
 394 312 394 312 394 314 c 128,-1,29
 394 316 394 316 394 317 c 128,-1,30
 394 318 394 318 394 320 c 128,-1,31
 394 322 394 322 393.5 322.5 c 128,-1,32
 393 323 393 323 392 324.5 c 128,-1,33
 391 326 391 326 390 326.5 c 128,-1,34
 389 327 389 327 387 327 c 2,35,-1
 63 327 l 2,36,37
 60 327 60 327 58 325 c 128,-1,38
 56 323 56 323 56 320 c 0,39,40
 56 283 56 283 88 257 c 0,41,42
 131 224 131 224 177 187 c 0,43,44
 178 186 178 186 184.5 181 c 128,-1,45
 191 176 191 176 194.5 173 c 128,-1,46
 198 170 198 170 204 166 c 128,-1,47
 210 162 210 162 215 160 c 128,-1,48
 220 158 220 158 225 158 c 1,49,-1
 225 158 l 1,50,-1
 225 158 l 1,51,52
 230 158 230 158 235 160 c 128,-1,53
 240 162 240 162 246 166 c 128,-1,54
 252 170 252 170 255.5 173 c 128,-1,55
 259 176 259 176 265.5 181 c 128,-1,56
 272 186 272 186 273 187 c 0,57,58
 319 224 319 224 362 257 c 0,59,60
 374 267 374 267 384 283 c 128,-1,61
 394 299 394 299 394 312 c 2,27,28
422 320 m 2,62,-1
 422 80 l 2,63,64
 422 66 422 66 411.5 55.5 c 128,-1,65
 401 45 401 45 387 45 c 2,66,-1
 63 45 l 2,67,68
 49 45 49 45 38.5 55.5 c 128,-1,69
 28 66 28 66 28 80 c 2,70,-1
 28 320 l 2,71,72
 28 334 28 334 38.5 344.5 c 128,-1,73
 49 355 49 355 63 355 c 2,74,-1
 387 355 l 2,75,76
 401 355 401 355 411.5 344.5 c 128,-1,77
 422 334 422 334 422 320 c 2,62,-1
EndSplineSet
EndChar

StartChar: check
Encoding: 61452 61452 4
Width: 512
GlyphClass: 3
Flags: W
LayerCount: 2
Fore
SplineSet
174 9 m 2,0,-1
 7 175 l 2,1,2
 0 182 0 182 0 193 c 128,-1,3
 0 204 0 204 7 211 c 2,4,-1
 44 247 l 2,5,6
 51 255 51 255 61.5 255 c 128,-1,7
 72 255 72 255 80 247 c 2,8,-1
 192 135 l 1,9,-1
 432 375 l 2,10,11
 440 383 440 383 450.5 383 c 128,-1,12
 461 383 461 383 468 375 c 2,13,-1
 505 339 l 2,14,15
 512 332 512 332 512 321 c 128,-1,16
 512 310 512 310 505 303 c 2,17,-1
 210 9 l 2,18,19
 203 1 203 1 192 1 c 128,-1,20
 181 1 181 1 174 9 c 2,0,-1
EndSplineSet
EndChar

StartChar: times
Encoding: 61453 61453 5
Width: 352
GlyphClass: 3
Flags: W
LayerCount: 2
Fore
SplineSet
243 192 m 1,0,-1
 343 92 l 2,1,2
 352 83 352 83 352 70 c 128,-1,3
 352 57 352 57 343 47 c 2,4,-1
 321 25 l 2,5,6
 311 16 311 16 298 16 c 128,-1,7
 285 16 285 16 276 25 c 2,8,-1
 176 125 l 1,9,-1
 76 25 l 2,10,11
 67 16 67 16 54 16 c 128,-1,12
 41 16 41 16 31 25 c 2,13,-1
 9 47 l 2,14,15
 0 57 0 57 0 70 c 128,-1,16
 0 83 0 83 9 92 c 2,17,-1
 109 192 l 1,18,-1
 9 292 l 2,19,20
 0 301 0 301 0 314 c 128,-1,21
 0 327 0 327 9 337 c 2,22,-1
 31 359 l 2,23,24
 41 368 41 368 54 368 c 128,-1,25
 67 368 67 368 76 359 c 2,26,-1
 176 259 l 1,27,-1
 276 359 l 2,28,29
 285 368 285 368 298 368 c 128,-1,30
 311 368 311 368 321 359 c 2,31,-1
 343 337 l 2,32,33
 352 327 352 327 352 314 c 128,-1,34
 352 301 352 301 343 292 c 2,35,-1
 243 192 l 1,0,-1
EndSplineSet
EndChar

StartChar: uniF017
Encoding: 61463 61463 6
Width: 381
GlyphClass: 2
Flags: W
LayerCount: 2
Fore
SplineSet
231 273 m 2,0,-1
 231 175 l 2,1,2
 231 171 231 171 229 169.5 c 128,-1,3
 227 168 227 168 224 168 c 2,4,-1
 154 168 l 2,5,6
 151 168 151 168 149 169.5 c 128,-1,7
 147 171 147 171 147 175 c 2,8,-1
 147 189 l 2,9,10
 147 192 147 192 149 194 c 128,-1,11
 151 196 151 196 154 196 c 2,12,-1
 203 196 l 1,13,-1
 203 273 l 2,14,15
 203 276 203 276 205 278 c 128,-1,16
 207 280 207 280 210 280 c 2,17,-1
 224 280 l 2,18,19
 227 280 227 280 229 278 c 128,-1,20
 231 276 231 276 231 273 c 2,0,-1
323 195.5 m 128,-1,22
 323 228 323 228 307 255.5 c 128,-1,23
 291 283 291 283 263.5 299 c 128,-1,24
 236 315 236 315 203 315 c 128,-1,25
 170 315 170 315 142.5 299 c 128,-1,26
 115 283 115 283 99 255.5 c 128,-1,27
 83 228 83 228 83 195.5 c 128,-1,28
 83 163 83 163 99 135.5 c 128,-1,29
 115 108 115 108 142.5 92 c 128,-1,30
 170 76 170 76 203 76 c 128,-1,31
 236 76 236 76 263.5 92 c 128,-1,32
 291 108 291 108 307 135.5 c 128,-1,21
 323 163 323 163 323 195.5 c 128,-1,22
372 196 m 128,-1,34
 372 150 372 150 349.5 111 c 128,-1,35
 327 72 327 72 288 49.5 c 128,-1,36
 249 27 249 27 203 27 c 128,-1,37
 157 27 157 27 118 49.5 c 128,-1,38
 79 72 79 72 56.5 111 c 128,-1,39
 34 150 34 150 34 196 c 128,-1,40
 34 242 34 242 56.5 280.5 c 128,-1,41
 79 319 79 319 118 342 c 128,-1,42
 157 365 157 365 203 365 c 128,-1,43
 249 365 249 365 288 342 c 128,-1,44
 327 319 327 319 349.5 280.5 c 128,-1,33
 372 242 372 242 372 196 c 128,-1,34
EndSplineSet
EndChar

StartChar: uniF095
Encoding: 61589 61589 7
Width: 320
GlyphClass: 2
Flags: W
LayerCount: 2
Fore
SplineSet
315 110 m 0,0,1
 315 104 315 104 312.5 94.5 c 128,-1,2
 310 85 310 85 308 80 c 0,3,4
 303 69 303 69 281 56 c 0,5,6
 260 45 260 45 240 45 c 0,7,8
 234 45 234 45 228.5 46 c 128,-1,9
 223 47 223 47 216 48.5 c 128,-1,10
 209 50 209 50 205.5 51.5 c 128,-1,11
 202 53 202 53 193 56.5 c 128,-1,12
 184 60 184 60 182 60 c 0,13,14
 161 68 161 68 144 78 c 0,15,16
 116 96 116 96 86 126 c 128,-1,17
 56 156 56 156 38 184 c 0,18,19
 28 201 28 201 20 223 c 0,20,21
 19 225 19 225 16 233.5 c 128,-1,22
 13 242 13 242 11.5 245.5 c 128,-1,23
 10 249 10 249 8 256 c 128,-1,24
 6 263 6 263 5.5 268.5 c 128,-1,25
 5 274 5 274 5 280 c 0,26,27
 5 300 5 300 16 321 c 0,28,29
 28 343 28 343 39 348 c 0,30,31
 45 350 45 350 54.5 352.5 c 128,-1,32
 64 355 64 355 70 355 c 0,33,34
 73 355 73 355 75 354 c 0,35,36
 79 353 79 353 86 337 c 0,37,38
 89 333 89 333 93 325.5 c 128,-1,39
 97 318 97 318 100.5 311.5 c 128,-1,40
 104 305 104 305 107 300 c 0,41,42
 108 299 108 299 111 294.5 c 128,-1,43
 114 290 114 290 115.5 286.5 c 128,-1,44
 117 283 117 283 117 280 c 0,45,46
 117 276 117 276 111 269.5 c 128,-1,47
 105 263 105 263 97.5 257.5 c 128,-1,48
 90 252 90 252 84 245.5 c 128,-1,49
 78 239 78 239 78 235 c 0,50,51
 78 233 78 233 79 230 c 128,-1,52
 80 227 80 227 80.5 225.5 c 128,-1,53
 81 224 81 224 83.5 220.5 c 128,-1,54
 86 217 86 217 86 216 c 0,55,56
 103 186 103 186 124.5 164.5 c 128,-1,57
 146 143 146 143 176 126 c 0,58,59
 177 126 177 126 180.5 124 c 128,-1,60
 184 122 184 122 185.5 121 c 128,-1,61
 187 120 187 120 190 119 c 128,-1,62
 193 118 193 118 195 118 c 0,63,64
 199 118 199 118 205 124 c 128,-1,65
 211 130 211 130 216.5 137.5 c 128,-1,66
 222 145 222 145 229 151.5 c 128,-1,67
 236 158 236 158 240 158 c 0,68,69
 243 158 243 158 246 156.5 c 128,-1,70
 249 155 249 155 254 151.5 c 128,-1,71
 259 148 259 148 260 148 c 0,72,73
 265 144 265 144 271.5 140.5 c 128,-1,74
 278 137 278 137 285.5 133 c 128,-1,75
 293 129 293 129 297 126 c 0,76,77
 313 119 313 119 314 115 c 0,78,79
 315 113 315 113 315 110 c 0,0,1
EndSplineSet
EndChar

StartChar: angle-left
Encoding: 61700 61700 8
Width: 256
GlyphClass: 3
Flags: W
LayerCount: 2
Fore
SplineSet
32 209 m 2,0,-1
 168 345 l 2,1,2
 175 352 175 352 185 352 c 128,-1,3
 195 352 195 352 202 345 c 2,4,-1
 224 322 l 2,5,6
 231 315 231 315 231 305 c 128,-1,7
 231 295 231 295 224 288 c 2,8,-1
 128 192 l 1,9,-1
 224 96 l 2,10,11
 231 89 231 89 231 79 c 128,-1,12
 231 69 231 69 224 62 c 2,13,-1
 202 39 l 2,14,15
 195 32 195 32 185 32 c 128,-1,16
 175 32 175 32 168 39 c 2,17,-1
 32 175 l 2,18,19
 25 182 25 182 25 192 c 128,-1,20
 25 202 25 202 32 209 c 2,0,-1
EndSplineSet
EndChar

StartChar: angle-right
Encoding: 61701 61701 9
Width: 256
GlyphClass: 3
Flags: W
LayerCount: 2
Fore
SplineSet
224 175 m 2,0,-1
 88 39 l 2,1,2
 81 32 81 32 71 32 c 128,-1,3
 61 32 61 32 54 39 c 2,4,-1
 32 62 l 2,5,6
 25 69 25 69 25 79 c 128,-1,7
 25 89 25 89 32 96 c 2,8,-1
 128 192 l 1,9,-1
 32 288 l 2,10,11
 25 295 25 295 25 305 c 128,-1,12
 25 315 25 315 32 322 c 2,13,-1
 54 345 l 2,14,15
 61 352 61 352 71 352 c 128,-1,16
 81 352 81 352 88 345 c 2,17,-1
 224 209 l 2,18,19
 231 202 231 202 231 192 c 128,-1,20
 231 182 231 182 224 175 c 2,0,-1
EndSplineSet
EndChar

StartChar: angle-up
Encoding: 61702 61702 10
Width: 320
GlyphClass: 3
Flags: W
LayerCount: 2
Fore
SplineSet
177 288 m 2,0,-1
 313 152 l 2,1,2
 320 145 320 145 320 135 c 128,-1,3
 320 125 320 125 313 118 c 2,4,-1
 290 96 l 2,5,6
 283 89 283 89 273 89 c 128,-1,7
 263 89 263 89 256 96 c 2,8,-1
 160 192 l 1,9,-1
 64 96 l 2,10,11
 57 89 57 89 47 89 c 128,-1,12
 37 89 37 89 30 96 c 2,13,-1
 7 118 l 2,14,15
 0 125 0 125 0 135 c 128,-1,16
 0 145 0 145 7 152 c 2,17,-1
 143 288 l 2,18,19
 150 295 150 295 160 295 c 128,-1,20
 170 295 170 295 177 288 c 2,0,-1
EndSplineSet
EndChar

StartChar: angle-down
Encoding: 61703 61703 11
Width: 320
GlyphClass: 3
Flags: W
LayerCount: 2
Fore
SplineSet
143 96 m 2,0,-1
 7 232 l 2,1,2
 0 239 0 239 0 249 c 128,-1,3
 0 259 0 259 7 266 c 2,4,-1
 30 288 l 2,5,6
 37 295 37 295 47 295 c 128,-1,7
 57 295 57 295 64 288 c 2,8,-1
 160 192 l 1,9,-1
 256 288 l 2,10,11
 263 295 263 295 273 295 c 128,-1,12
 283 295 283 295 290 288 c 2,13,-1
 313 266 l 2,14,15
 320 259 320 259 320 249 c 128,-1,16
 320 239 320 239 313 232 c 2,17,-1
 177 96 l 2,18,19
 170 89 170 89 160 89 c 128,-1,20
 150 89 150 89 143 96 c 2,0,-1
EndSplineSet
EndChar

StartChar: uniF199
Encoding: 61849 61849 12
Width: 448
GlyphClass: 2
Flags: W
LayerCount: 2
Fore
SplineSet
400 416 m 2,0,1
 420 416 420 416 434 402 c 128,-1,2
 448 388 448 388 448 368 c 2,3,-1
 448 16 l 2,4,5
 448 -4 448 -4 434 -18 c 128,-1,6
 420 -32 420 -32 400 -32 c 2,7,-1
 48 -32 l 2,8,9
 28 -32 28 -32 14 -18 c 128,-1,10
 0 -4 0 -4 0 16 c 2,11,-1
 0 368 l 2,12,13
 0 388 0 388 14 402 c 128,-1,14
 28 416 28 416 48 416 c 2,15,-1
 400 416 l 2,0,1
178 186 m 0,16,17
 179 186 179 186 187.5 179 c 128,-1,18
 196 172 196 172 200 169.5 c 128,-1,19
 204 167 204 167 211.5 163.5 c 128,-1,20
 219 160 219 160 224 160 c 128,-1,21
 229 160 229 160 236.5 163.5 c 128,-1,22
 244 167 244 167 248 169.5 c 128,-1,23
 252 172 252 172 260.5 179 c 128,-1,24
 269 186 269 186 270 186 c 0,25,26
 344 239 344 239 384 271 c 1,27,-1
 384 296 l 2,28,29
 384 306 384 306 377 313 c 128,-1,30
 370 320 370 320 360 320 c 2,31,-1
 88 320 l 2,32,33
 78 320 78 320 71 313 c 128,-1,34
 64 306 64 306 64 296 c 2,35,-1
 64 271 l 1,36,37
 104 239 104 239 178 186 c 0,16,17
384 230 m 1,38,39
 362 213 362 213 289 160 c 0,40,41
 288 159 288 159 280 153 c 128,-1,42
 272 147 272 147 267.5 144 c 128,-1,43
 263 141 263 141 255 136.5 c 128,-1,44
 247 132 247 132 239.5 130 c 128,-1,45
 232 128 232 128 224 128 c 128,-1,46
 216 128 216 128 208.5 130 c 128,-1,47
 201 132 201 132 193 136.5 c 128,-1,48
 185 141 185 141 181 144 c 128,-1,49
 177 147 177 147 168.5 153 c 128,-1,50
 160 159 160 159 159 160 c 0,51,52
 86 213 86 213 64 230 c 1,53,-1
 64 88 l 2,54,55
 64 78 64 78 71 71 c 128,-1,56
 78 64 78 64 88 64 c 2,57,-1
 360 64 l 2,58,59
 370 64 370 64 377 71 c 128,-1,60
 384 78 384 78 384 88 c 2,61,-1
 384 230 l 1,38,39
EndSplineSet
EndChar

StartChar: uniF0C9
Encoding: 61641 61641 13
Width: 448
Flags: W
LayerCount: 2
Fore
SplineSet
16 316 m 2,0,1
 9 316 9 316 4.5 320.5 c 128,-1,2
 0 325 0 325 0 332 c 2,3,-1
 0 372 l 2,4,5
 0 379 0 379 4.5 383.5 c 128,-1,6
 9 388 9 388 16 388 c 2,7,-1
 432 388 l 2,8,9
 439 388 439 388 443.5 383.5 c 128,-1,10
 448 379 448 379 448 372 c 2,11,-1
 448 332 l 2,12,13
 448 325 448 325 443.5 320.5 c 128,-1,14
 439 316 439 316 432 316 c 2,15,-1
 16 316 l 2,0,1
16 156 m 2,16,17
 9 156 9 156 4.5 160.5 c 128,-1,18
 0 165 0 165 0 172 c 2,19,-1
 0 212 l 2,20,21
 0 219 0 219 4.5 223.5 c 128,-1,22
 9 228 9 228 16 228 c 2,23,-1
 432 228 l 2,24,25
 439 228 439 228 443.5 223.5 c 128,-1,26
 448 219 448 219 448 212 c 2,27,-1
 448 172 l 2,28,29
 448 165 448 165 443.5 160.5 c 128,-1,30
 439 156 439 156 432 156 c 2,31,-1
 16 156 l 2,16,17
16 -4 m 2,32,33
 9 -4 9 -4 4.5 0.5 c 128,-1,34
 0 5 0 5 0 12 c 2,35,-1
 0 52 l 2,36,37
 0 59 0 59 4.5 63.5 c 128,-1,38
 9 68 9 68 16 68 c 2,39,-1
 432 68 l 2,40,41
 439 68 439 68 443.5 63.5 c 128,-1,42
 448 59 448 59 448 52 c 2,43,-1
 448 12 l 2,44,45
 448 5 448 5 443.5 0.5 c 128,-1,46
 439 -4 439 -4 432 -4 c 2,47,-1
 16 -4 l 2,32,33
EndSplineSet
EndChar
EndChars
EndSplineFont
